0 0.31171875 0.08203125 0.30546875 0.12890625
0 0.69765625 0.13671875 0.3109375 0.109375
0 0.9328125 0.23828125 0.134375 0.0984375
0 0.92890625 0.36953125 0.14140625 0.10546875
0 0.928125 0.49296875 0.14140625 0.1
0 0.93515625 0.6078125 0.12890625 0.1140625
0 0.69375 0.2578125 0.328125 0.09140625
0 0.66875 0.375 0.3296875 0.0859375
0 0.68046875 0.4625 0.31171875 0.109375
0 0.70390625 0.55078125 0.3015625 0.10546875
0 0.9296875 0.83984375 0.140625 0.1078125
0 0.9328125 0.72734375 0.134375 0.09921875
0 0.78828125 0.6921875 0.1671875 0.1359375
0 0.67265625 0.79375 0.28984375 0.08984375
0 0.6046875 0.67890625 0.17734375 0.10078125
0 0.34609375 0.8109375 0.30859375 0.0953125
0 0.3734375 0.6359375 0.28359375 0.1078125
0 0.34453125 0.35390625 0.23671875 0.13046875
0 0.12265625 0.44140625 0.240625 0.103125
0 0.11484375 0.68515625 0.2265625 0.08515625
0 0.33984375 0.21796875 0.2390625 0.11484375
0 0.12734375 0.56796875 0.246875 0.0796875
0 0.33515625 0.49375 0.24375 0.1140625
0 0.68984375 0.88984375 0.31796875 0.09921875
0 0.11953125 0.3203125 0.234375 0.1234375
0 0.3328125 0.93046875 0.28359375 0.09921875
0 0.11015625 0.81484375 0.21875 0.10546875
0 0.11640625 0.19375 0.22578125 0.11484375
0 0.0375 0.42578125 0.07421875 0.10625
0 0.0296875 0.8140625 0.059375 0.1078125