0 0.3046875 0.08515625 0.3078125 0.1328125
0 0.69140625 0.13359375 0.3125 0.1140625
0 0.928125 0.23046875 0.1359375 0.1
0 0.9265625 0.36171875 0.1421875 0.109375
0 0.928125 0.48515625 0.1421875 0.103125
0 0.9359375 0.6 0.128125 0.115625
0 0.68984375 0.2546875 0.3296875 0.096875
0 0.66640625 0.371875 0.33125 0.0921875
0 0.6796875 0.459375 0.3140625 0.1140625
0 0.7046875 0.546875 0.303125 0.1109375
0 0.93203125 0.83203125 0.1359375 0.1109375
0 0.934375 0.71953125 0.13125 0.1015625
0 0.79140625 0.6875 0.1703125 0.1390625
0 0.678125 0.790625 0.2921875 0.0953125
0 0.6078125 0.67734375 0.1796875 0.103125
0 0.3515625 0.81328125 0.3109375 0.1
0 0.37578125 0.63828125 0.2859375 0.1125
0 0.3421875 0.35703125 0.2390625 0.1359375
0 0.121875 0.44765625 0.2421875 0.1078125
0 0.11796875 0.6921875 0.228125 0.090625
0 0.33515625 0.22109375 0.240625 0.1203125
0 0.12890625 0.57421875 0.2484375 0.084375
0 0.33515625 0.496875 0.2453125 0.11875
0 0.696875 0.88671875 0.3203125 0.10625
0 0.1171875 0.3265625 0.234375 0.128125
0 0.340625 0.93359375 0.2859375 0.1046875
0 0.115625 0.821875 0.2203125 0.109375
0 0.11171875 0.20078125 0.2234375 0.1203125
0 0.03671875 0.43359375 0.0734375 0.1078125
0 0.03515625 0.821875 0.0609375 0.109375