0 0.9078125 0.71015625 0.14375 0.3125
0 0.8734375 0.321875 0.125 0.315625
0 0.784375 0.08125 0.1046875 0.1390625
0 0.653125 0.078125 0.1140625 0.1453125
0 0.5296875 0.07265625 0.1078125 0.1453125
0 0.41484375 0.06328125 0.1203125 0.1265625
0 0.75234375 0.31953125 0.1078125 0.3328125
0 0.63359375 0.33828125 0.103125 0.334375
0 0.546875 0.321875 0.125 0.3171875
0 0.46015625 0.29375 0.121875 0.30625
0 0.1828125 0.0625 0.115625 0.125
0 0.2953125 0.0625 0.10625 0.125
0 0.3234375 0.20234375 0.14375 0.1734375
0 0.215625 0.3125 0.10625 0.2953125
0 0.3265625 0.3859375 0.109375 0.1828125
0 0.18125 0.6375 0.1109375 0.3140625
0 0.3578125 0.61953125 0.121875 0.2890625
0 0.6375 0.66328125 0.14375 0.24375
0 0.5390625 0.878125 0.115625 0.24375
0 0.2953125 0.875 0.096875 0.23125
0 0.7734375 0.675 0.128125 0.2453125
0 0.4125 0.86875 0.0921875 0.25
0 0.49765625 0.66484375 0.1265625 0.25
0 0.1203125 0.28984375 0.1171875 0.3234375
0 0.65859375 0.884375 0.1359375 0.23125
0 0.06171875 0.64453125 0.1140625 0.2890625
0 0.16484375 0.87265625 0.1171875 0.2234375
0 0.78515625 0.89140625 0.1265625 0.2171875
0 0.55 0.9625 0.109375 0.075
0 0.16171875 0.953125 0.1109375 0.065625