2 0.775 0.1578125 0.290625 0.25
2 0.70859375 0.35703125 0.2859375 0.26875
2 0.60859375 0.4390625 0.215625 0.2109375
2 0.65546875 0.58984375 0.2453125 0.234375
2 0.56171875 0.80234375 0.29375 0.2234375
2 0.8015625 0.75625 0.253125 0.2296875
2 0.33984375 0.71953125 0.2640625 0.234375
2 0.35546875 0.51484375 0.2234375 0.1953125
2 0.34765625 0.2859375 0.2875 0.284375
2 0.42421875 0.09296875 0.2640625 0.1859375
2 0.146875 0.0734375 0.234375 0.146875
2 0.13125 0.2234375 0.2328125 0.2
2 0.1265625 0.4390625 0.253125 0.2375
2 0.1234375 0.675 0.246875 0.25
2 0.10859375 0.8625 0.2171875 0.225
2 0.25703125 0.91796875 0.1734375 0.1390625
2 0.44140625 0.925 0.2203125 0.15
2 0.6015625 0.94375 0.146875 0.1125
2 0.88046875 0.984375 0.1453125 0.03125
2 0.865625 0.853125 0.2296875 0.2609375
2 0.9125 0.634375 0.171875 0.23125
2 0.92109375 0.44453125 0.1578125 0.2265625
2 0.95390625 0.2671875 0.0921875 0.19375
2 0.95234375 0.1046875 0.0953125 0.125