2 0.86484375 0.25625 0.2265625 0.27109375
2 0.6609375 0.3046875 0.246875 0.26484375
2 0.5703125 0.396875 0.19296875 0.19921875
2 0.42421875 0.3375 0.21484375 0.228125
2 0.20390625 0.4125 0.2 0.27890625
2 0.27109375 0.17734375 0.209375 0.2359375
2 0.2671875 0.640625 0.2140625 0.24609375
2 0.47265625 0.64296875 0.178125 0.209375
2 0.7 0.6703125 0.26328125 0.26484375
2 0.9078125 0.61171875 0.184375 0.2484375
2 0.91484375 0.88984375 0.1703125 0.2203125
2 0.74375 0.89140625 0.18125 0.2171875
2 0.528125 0.8796875 0.2171875 0.240625
2 0.290625 0.87265625 0.22734375 0.2546875
2 0.10234375 0.87890625 0.2046875 0.2421875
2 0.0625 0.70546875 0.125 0.1625
2 0.06875 0.52109375 0.1375 0.209375
2 0.05859375 0.35859375 0.11640625 0.1375
2 0.0296875 0.0765625 0.059375 0.140625
2 0.18046875 0.1046875 0.24375 0.209375
2 0.40234375 0.07734375 0.21796875 0.15390625
2 0.59296875 0.07734375 0.2140625 0.15390625
2 0.771875 0.053125 0.1859375 0.10625
2 0.93515625 0.06328125 0.1140625 0.1265625