2 0.82734375 0.7921875 0.2625 0.3
2 0.63203125 0.715625 0.28125 0.296875
2 0.55546875 0.61171875 0.2203125 0.225
2 0.40234375 0.65 0.2453125 0.25625
2 0.19453125 0.5453125 0.2375 0.303125
2 0.228125 0.7875 0.240625 0.2625
2 0.2890625 0.328125 0.246875 0.275
2 0.49296875 0.3546875 0.20625 0.2328125
2 0.721875 0.359375 0.296875 0.3
2 0.90546875 0.4453125 0.1890625 0.271875
2 0.93203125 0.17109375 0.1359375 0.2421875
2 0.79609375 0.14609375 0.209375 0.240625
2 0.58046875 0.13125 0.2484375 0.2625
2 0.34453125 0.121875 0.2609375 0.24375
2 0.15859375 0.1015625 0.2359375 0.203125
2 0.0953125 0.2359375 0.146875 0.178125
2 0.07890625 0.41796875 0.1578125 0.2265625
2 0.0546875 0.57890625 0.109375 0.1515625
2 0.13203125 0.846875 0.2640625 0.240625
2 0.34453125 0.9046875 0.2375 0.1828125
2 0.53359375 0.9203125 0.2328125 0.159375
2 0.70703125 0.95703125 0.1984375 0.0859375
2 0.8703125 0.9609375 0.13125 0.078125